  
Random Policy
[[ 3.30902999  8.78932551  4.42765281  5.3224012   1.49221235]
 [ 1.52162172  2.9923515   2.25017358  1.90760531  0.5474363 ]
 [ 0.05085614  0.73820423  0.67314689  0.35821982 -0.40310755]
 [-0.97355865 -0.43546179 -0.35484864 -0.58557148 -1.18304148]
 [-1.8576669  -1.34519762 -1.22923364 -1.42288454 -1.97514545]]
Optimal Policy
[[21.97744338 24.41938153 21.97744338 19.41938153 17.47744338]
 [19.77969904 21.97744338 19.77969904 17.80172914 16.02153504]
 [17.80172914 19.77969904 17.80172914 16.02153504 14.41938153]
 [16.02153504 17.80172914 16.02153504 14.41938153 12.97744338]
 [14.41938153 16.02153504 14.41938153 12.97744338 11.67969904]]
